#! FIELDS dist_diff Eg E1 E2 V12 S12 c1 c2 normed_c1 normed_c2
 -3.500000 -37.522824 -37.522362 -37.313625 -26.277900 0.700226 0.987600 0.017596 0.999841 0.017814
 -3.400000 -37.522952 -37.522436 -37.313935 -26.306007 0.700970 0.987126 0.018245 0.999829 0.018480
 -3.300000 -37.523360 -37.522790 -37.314756 -26.360407 0.702409 0.986565 0.018997 0.999815 0.019252
 -3.200000 -37.523886 -37.523249 -37.315575 -26.446471 0.704694 0.986497 0.019032 0.999814 0.019289
 -3.100000 -37.524283 -37.523586 -37.316467 -26.511728 0.706424 0.986091 0.019554 0.999803 0.019826
 -3.000000 -37.524654 -37.523896 -37.317366 -26.563635 0.707795 0.985231 0.020715 0.999779 0.021021
 -2.900000 -37.525130 -37.524299 -37.318257 -26.625416 0.709428 0.984447 0.021758 0.999756 0.022097
 -2.800000 -37.525632 -37.524729 -37.319587 -26.742272 0.712535 0.984442 0.021672 0.999758 0.022009
 -2.700000 -37.526103 -37.525129 -37.321497 -26.837960 0.715069 0.983228 0.023269 0.999720 0.023660
 -2.600000 -37.526539 -37.525494 -37.322742 -26.916540 0.717152 0.982598 0.024070 0.999700 0.024489
 -2.500000 -37.527081 -37.525962 -37.314767 -29.410592 0.783505 0.969043 0.039134 0.999186 0.040351
 -2.400000 -37.528042 -37.526637 -37.322517 -27.014759 0.719749 0.982844 0.023649 0.999711 0.024055
 -2.300000 -37.528863 -37.527315 -37.324779 -27.172027 0.723922 0.982016 0.024643 0.999685 0.025086
 -2.200000 -37.529559 -37.527880 -37.327186 -27.329731 0.728106 0.980807 0.026140 0.999645 0.026642
 -2.100000 -37.530271 -37.528383 -37.321763 -29.554430 0.787280 0.967337 0.041081 0.999099 0.042430
 -2.000000 -37.531203 -37.529067 -37.324882 -29.615881 0.788896 0.966000 0.042663 0.999026 0.044122
 -1.900000 -37.531843 -37.529510 -37.357512 -30.700678 0.817830 0.964713 0.042777 0.999018 0.044298
 -1.800000 -37.532248 -37.529635 -37.389456 -31.945382 0.851023 0.961624 0.044769 0.998918 0.046505
 -1.700000 -37.532610 -37.529760 -37.392671 -31.988321 0.852154 0.958718 0.048073 0.998745 0.050080
 -1.600000 -37.533139 -37.531299 -37.397187 -31.949278 0.851090 0.960203 0.046411 0.998834 0.048278
 -1.500000 -37.533699 -37.531858 -37.400987 -31.990615 0.852175 0.958473 0.048355 0.998730 0.050386
 -1.400000 -37.533967 -37.532027 -37.404793 -32.038668 0.853446 0.956156 0.050959 0.998583 0.053220
 -1.300000 -37.534064 -37.531992 -37.408809 -32.082292 0.854604 0.953668 0.053758 0.998415 0.056280
 -1.200000 -37.533761 -37.531513 -37.412947 -32.119783 0.855606 0.950226 0.057654 0.998164 0.060563
 -1.100000 -37.532956 -37.530463 -37.417327 -32.148241 0.856377 0.945447 0.063082 0.997781 0.066574
 -1.000000 -37.531717 -37.528880 -37.421941 -32.183472 0.857341 0.939975 0.069271 0.997296 0.073495
 -0.900000 -37.530116 -37.526784 -37.427032 -32.202452 0.857875 0.931273 0.079148 0.996408 0.084684
 -0.800000 -37.527958 -37.523928 -37.432397 -32.219763 0.858374 0.918845 0.093212 0.994894 0.100927
 -0.700000 -37.525273 -37.520247 -37.438045 -32.202591 0.857960 0.900512 0.113960 0.992087 0.125549
 -0.600000 -37.522361 -37.515967 -37.444036 -32.221433 0.858516 0.877358 0.139854 0.987532 0.157416
 -0.500000 -37.519398 -37.511149 -37.450306 -32.253177 0.859418 0.846111 0.174426 0.979405 0.201905
 -0.400000 -37.516597 -37.505916 -37.456710 -32.270875 0.859938 0.803505 0.221073 0.964172 0.265278
 -0.300000 -37.514274 -37.500485 -37.463257 -32.291594 0.860530 0.749338 0.279453 0.936964 0.349425
 -0.200000 -37.512342 -37.494587 -37.469796 -32.314591 0.861177 0.681495 0.351196 0.888909 0.458084
 -0.100000 -37.511118 -37.488552 -37.476160 -32.328086 0.861557 0.603117 0.432354 0.812740 0.582626
 0.000000 -37.510751 -37.482480 -37.482442 -32.333236 0.861701 0.518504 0.517974 0.707469 0.706745
 0.100000 -37.511103 -37.476155 -37.488521 -32.325359 0.861485 0.432515 0.602980 0.582856 0.812575
 0.200000 -37.512245 -37.469751 -37.494454 -32.310252 0.861063 0.351853 0.680897 0.459078 0.888396
 0.300000 -37.514210 -37.463277 -37.500389 -32.290716 0.860508 0.280052 0.748784 0.350309 0.936634
 0.400000 -37.516585 -37.456746 -37.505888 -32.269142 0.859892 0.221363 0.803247 0.265681 0.964061
 0.500000 -37.519354 -37.450269 -37.511099 -32.259634 0.859593 0.173947 0.846519 0.201279 0.979534
 0.600000 -37.522426 -37.444176 -37.516021 -32.243875 0.859116 0.139068 0.877988 0.156444 0.987687
 0.700000 -37.525261 -37.438009 -37.520241 -32.235919 0.858856 0.111694 0.902433 0.122832 0.992427
 0.800000 -37.527871 -37.432187 -37.523845 -32.212910 0.858194 0.092898 0.919138 0.100558 0.994931
 0.900000 -37.530116 -37.426908 -37.526790 -32.179808 0.857266 0.080580 0.930060 0.086317 0.996268
 1.000000 -37.531825 -37.421953 -37.528987 -32.168674 0.856941 0.070098 0.939277 0.074423 0.997227
 1.100000 -37.532958 -37.417244 -37.530465 -32.147175 0.856349 0.062922 0.945588 0.066396 0.997793
 1.200000 -37.533730 -37.412935 -37.531480 -32.111255 0.855378 0.058056 0.949888 0.061005 0.998137
 1.300000 -37.534065 -37.408795 -37.531993 -32.062246 0.854064 0.055221 0.952425 0.057882 0.998323
 1.400000 -37.533957 -37.404772 -37.532016 -32.036344 0.853385 0.050792 0.956305 0.053038 0.998593
 1.500000 -37.533686 -37.401001 -37.531842 -31.991716 0.852205 0.048293 0.958526 0.050318 0.998733
 1.600000 -37.533173 -37.397237 -37.531335 -31.952266 0.851170 0.046130 0.960442 0.047975 0.998849
 1.700000 -37.532572 -37.392574 -37.529739 -31.988714 0.852168 0.047346 0.959346 0.049293 0.998784
 1.800000 -37.532176 -37.389463 -37.529567 -31.953434 0.851242 0.044127 0.962169 0.045814 0.998950
 1.900000 -37.531690 -37.386555 -37.529376 -31.896132 0.849729 0.041205 0.964751 0.042671 0.999089
 2.000000 -37.531161 -37.383476 -37.529022 -31.848911 0.848486 0.038871 0.966807 0.040173 0.999193
 2.100000 -37.530374 -37.380545 -37.528456 -31.786816 0.846852 0.036559 0.968850 0.037708 0.999289
 2.200000 -37.529513 -37.369241 -37.527824 -31.509632 0.839467 0.037011 0.968729 0.038177 0.999271
 2.300000 -37.528618 -37.348092 -37.527153 -30.983838 0.825435 0.039695 0.966983 0.041016 0.999158
 2.400000 -37.527775 -37.326729 -37.526508 -30.264135 0.806239 0.041094 0.966573 0.042477 0.999097
 2.500000 -37.527074 -37.314787 -37.525955 -29.405224 0.783362 0.039154 0.969032 0.040373 0.999185
 2.600000 -37.526515 -37.312264 -37.525494 -28.407107 0.756804 0.034059 0.973977 0.034947 0.999389
 2.700000 -37.526073 -37.317393 -37.525108 -27.353560 0.728790 0.026091 0.980826 0.026592 0.999646
 2.800000 -37.525605 -37.319566 -37.524701 -26.747246 0.712669 0.021516 0.984553 0.021848 0.999761
 2.900000 -37.525095 -37.317794 -37.524263 -26.606069 0.708916 0.021219 0.984845 0.021541 0.999768
 3.000000 -37.524590 -37.316744 -37.523824 -26.534793 0.707026 0.020957 0.985073 0.021270 0.999774
 3.100000 -37.524138 -37.316285 -37.523434 -26.477125 0.705501 0.020183 0.985659 0.020472 0.999790
 3.200000 -37.523764 -37.315634 -37.523128 -26.445030 0.704657 0.019197 0.986380 0.019458 0.999811
 3.300000 -37.523387 -37.315354 -37.522815 -26.441650 0.704579 0.018138 0.987138 0.018371 0.999831
 3.400000 -37.522988 -37.314576 -37.522470 -26.406385 0.703651 0.017182 0.987835 0.017391 0.999849
 3.500000 -37.522863 -37.314215 -37.522398 -26.351048 0.702179 0.016916 0.988050 0.017118 0.999853
